407,497,15302,88952,55,1,88952
420,510,0,88952,55,1,88952
437,527,15302,88952,55,1,88952
450,540,0,88952,55,1,88952
467,557,15302,88952,55,1,88952
480,570,0,88952,55,1,88952
497,587,15302,88952,55,1,88952
510,600,0,88952,55,1,88952
527,617,15302,88952,55,1,88952
540,630,0,88952,55,1,88952
557,647,15302,88952,55,1,88952
570,660,0,88952,55,1,88952
587,677,15302,88952,55,1,88952
600,690,0,88952,55,1,88952
617,707,15302,88952,55,1,88952
630,720,0,88952,55,1,88952
647,737,15302,88952,55,1,88952
660,750,0,88952,55,1,88952
677,767,15302,88952,55,1,88952
690,780,0,88952,55,1,88952
707,797,15302,88952,55,1,88952
720,810,0,88952,55,1,88952
737,827,15302,88952,55,1,88952
750,840,0,88952,55,1,88952
767,857,15302,88952,55,1,88952
780,870,0,88952,55,1,88952
797,887,15302,88952,55,1,88952
840,930,15,34609,21,0,34609
870,960,15,34609,21,0,34609
850,940,40199,34609,21,0,34609
810,900,0,88952,55,1,88952
827,917,15302,88952,55,1,88952
840,930,0,88952,55,1,88952
857,947,15302,88952,55,1,88952
870,960,0,88952,55,1,88952
894,984,6660,73530,45,0,73530
900,990,15,34609,21,0,34609
924,1014,6660,73530,45,0,73530
930,1020,15,34609,21,0,34609
954,1044,6660,73530,45,0,73530
880,970,40199,34609,21,0,34609
910,1000,40199,34609,21,0,34609
940,1030,40199,34609,21,0,34609
887,977,15302,88952,55,1,88952
900,990,0,88952,55,1,88952
900,990,2,73530,45,0,73530
917,1007,15302,88952,55,1,88952
930,1020,0,88952,55,1,88952
930,1020,2,73530,45,0,73530
947,1037,15302,88952,55,1,88952
960,1050,15,34609,21,0,34609
984,1074,6660,73530,45,0,73530
990,1080,15,34609,21,0,34609
1014,1104,6660,73530,45,0,73530
1020,1110,15,34609,21,0,34609
970,1060,40199,34609,21,0,34609
1000,1090,40199,34609,21,0,34609
1030,1120,40199,34609,21,0,34609
960,1050,2,73530,45,0,73530
990,1080,2,73530,45,0,73530
1020,1110,2,73530,45,0,73530
1044,1134,6660,73530,45,0,73530
1050,1140,15,34609,21,0,34609
1074,1164,6660,73530,45,0,73530
1080,1170,15,34609,21,0,34609
1104,1194,6660,73530,45,0,73530
1110,1200,15,34609,21,0,34609
1060,1150,40199,34609,21,0,34609
1090,1180,40199,34609,21,0,34609
1050,1140,2,73530,45,0,73530
1080,1170,2,73530,45,0,73530
1110,1200,2,73530,45,0,73530
1134,1224,6660,73530,45,0,73530
1140,1230,15,34609,21,0,34609
1164,1254,6660,73530,45,0,73530
1170,1260,15,34609,21,0,34609
1120,1210,40199,34609,21,0,34609
1150,1240,40199,34609,21,0,34609
1140,1230,2,73530,45,0,73530
1170,1260,2,73530,45,0,73530
1194,1284,6660,73530,45,0,73530
1200,1290,15,34609,21,0,34609
1180,1270,40199,34609,21,0,34609
1210,1300,40199,34609,21,0,34609
1200,1290,2,73530,45,0,73530
1224,1314,6660,73530,45,0,73530
1230,1320,15,34609,21,0,34609
1240,1330,40199,34609,21,0,34609
1230,1320,2,73530,45,0,73530
1254,1344,6660,73530,45,0,73530
1260,1350,15,34609,21,0,34609
1284,1374,6660,73530,45,0,73530
1290,1380,15,34609,21,0,34609
1270,1360,40199,34609,21,0,34609
1300,1390,40199,34609,21,0,34609
1260,1350,2,73530,45,0,73530
1290,1380,2,73530,45,0,73530
1314,1404,6660,73530,45,0,73530
1320,1410,15,34609,21,0,34609
1344,1434,6660,73530,45,0,73530
1350,1440,15,34609,21,0,34609
1374,1464,6660,73530,45,0,73530
1330,1420,40199,34609,21,0,34609
1360,1450,40199,34609,21,0,34609
1320,1410,2,73530,45,0,73530
1350,1440,2,73530,45,0,73530
1380,1470,15,34609,21,0,34609
1404,1494,6660,73530,45,0,73530
1410,1500,15,34609,21,0,34609
1434,1524,6660,73530,45,0,73530
1390,1480,40199,34609,21,0,34609
1420,1510,40199,34609,21,0,34609
1380,1470,2,73530,45,0,73530
1410,1500,2,73530,45,0,73530
1440,1530,15,34609,21,0,34609
1470,1560,15,34609,21,0,34609
1450,1540,40199,34609,21,0,34609
1480,1570,40199,34609,21,0,34609
1510,1600,40199,34609,21,0,34609
1540,1630,40199,34609,21,0,34609
1500,1590,15,34609,21,0,34609
1530,1620,15,34609,21,0,34609
1570,1660,40199,34609,21,0,34609
1560,1650,15,34609,21,0,34609
1590,1680,15,34609,21,0,34609
1600,1690,40199,34609,21,0,34609
1888,1978,5125,47624,29,0,47624
1890,1980,1,47624,29,0,47624
1918,2008,5125,47624,29,0,47624
1920,2010,1,47624,29,0,47624
1948,2038,5125,47624,29,0,47624
1950,2040,1,47624,29,0,47624
1978,2068,5125,47624,29,0,47624
1980,2070,1,47624,29,0,47624
2008,2098,5125,47624,29,0,47624
2010,2100,1,47624,29,0,47624
1981,2071,50180,90758,56,1,90758
2011,2101,50180,90758,56,1,90758
1980,2070,6,90758,56,1,90758
2010,2100,6,90758,56,1,90758
2041,2131,50180,90758,56,1,90758
2042,2132,70164,116939,72,0,116939
2038,2128,5125,47624,29,0,47624
2040,2130,1,47624,29,0,47624
2040,2130,6,90758,56,1,90758
2040,2130,26,116939,72,0,116939
2071,2161,50180,90758,56,1,90758
2072,2162,70164,116939,72,0,116939
2101,2191,50180,90758,56,1,90758
2102,2192,70164,116939,72,0,116939
2068,2158,5125,47624,29,0,47624
2070,2160,1,47624,29,0,47624
2098,2188,5125,47624,29,0,47624
2100,2190,1,47624,29,0,47624
2070,2160,6,90758,56,1,90758
2070,2160,26,116939,72,0,116939
2100,2190,6,90758,56,1,90758
2100,2190,26,116939,72,0,116939
2128,2218,5125,47624,29,0,47624
2130,2220,1,47624,29,0,47624
2131,2221,50180,90758,56,1,90758
2132,2222,70164,116939,72,0,116939
2130,2220,6,90758,56,1,90758
2130,2220,26,116939,72,0,116939
2161,2251,50180,90758,56,1,90758
2162,2252,70164,116939,72,0,116939
2191,2281,50180,90758,56,1,90758
2192,2282,70164,116939,72,0,116939
2158,2248,5125,47624,29,0,47624
2160,2250,1,47624,29,0,47624
2188,2278,5125,47624,29,0,47624
2190,2280,1,47624,29,0,47624
2160,2250,6,90758,56,1,90758
2160,2250,26,116939,72,0,116939
2190,2280,26,116939,72,0,116939
2190,2280,6,90758,56,1,90758
2221,2311,50180,90758,56,1,90758
2222,2312,70164,116939,72,0,116939
2218,2308,5125,47624,29,0,47624
2220,2310,1,47624,29,0,47624
2220,2310,6,90758,56,1,90758
2220,2310,26,116939,72,0,116939
2251,2341,50180,90758,56,1,90758
2252,2342,70164,116939,72,0,116939
2248,2338,5125,47624,29,0,47624
2250,2340,1,47624,29,0,47624
2250,2340,6,90758,56,1,90758
2250,2340,26,116939,72,0,116939
2278,2368,5125,47624,29,0,47624
2280,2370,1,47624,29,0,47624
2308,2398,5125,47624,29,0,47624
2281,2371,50180,90758,56,1,90758
2282,2372,70164,116939,72,0,116939
2280,2370,6,90758,56,1,90758
2280,2370,26,116939,72,0,116939
2310,2400,1,47624,29,0,47624
2338,2428,5125,47624,29,0,47624
2340,2430,1,47624,29,0,47624
2311,2401,50180,90758,56,1,90758
2312,2402,70164,116939,72,0,116939
2342,2432,70164,116939,72,0,116939
2310,2400,6,90758,56,1,90758
2310,2400,26,116939,72,0,116939
2340,2430,26,116939,72,0,116939
2368,2458,5125,47624,29,0,47624
2370,2460,1,47624,29,0,47624
2372,2462,70164,116939,72,0,116939
2370,2460,26,116939,72,0,116939
2398,2488,5125,47624,29,0,47624
2400,2490,1,47624,29,0,47624
2402,2492,70164,116939,72,0,116939
2400,2490,26,116939,72,0,116939
2432,2522,70164,116939,72,0,116939
2428,2518,5125,47624,29,0,47624
2430,2520,1,47624,29,0,47624
2430,2520,26,116939,72,0,116939
2462,2552,70164,116939,72,0,116939
2492,2582,70164,116939,72,0,116939
2458,2548,5125,47624,29,0,47624
2460,2550,1,47624,29,0,47624
2488,2578,5125,47624,29,0,47624
2490,2580,1,47624,29,0,47624
2460,2550,26,116939,72,0,116939
2490,2580,26,116939,72,0,116939
2522,2612,70164,116939,72,0,116939
2518,2608,5125,47624,29,0,47624
2520,2610,1,47624,29,0,47624
2520,2610,26,116939,72,0,116939
2548,2638,5125,47624,29,0,47624
2552,2642,70164,116939,72,0,116939
2582,2672,70164,116939,72,0,116939
2550,2640,1,47624,29,0,47624
2578,2668,5125,47624,29,0,47624
2580,2670,1,47624,29,0,47624
2550,2640,26,116939,72,0,116939
2580,2670,26,116939,72,0,116939
2612,2702,70164,116939,72,0,116939
2610,2700,26,116939,72,0,116939
2642,2732,70164,116939,72,0,116939
2640,2730,26,116939,72,0,116939
2672,2762,70164,116939,72,0,116939
2670,2760,26,116939,72,0,116939
2702,2792,70164,116939,72,0,116939
2700,2790,26,116939,72,0,116939
2732,2822,70164,116939,72,0,116939
2730,2820,26,116939,72,0,116939
2762,2852,70164,116939,72,0,116939
2760,2850,26,116939,72,0,116939
2792,2882,70164,116939,72,0,116939
2790,2880,26,116939,72,0,116939
2822,2912,70164,116939,72,0,116939
2820,2910,26,116939,72,0,116939
3180,3270,17,127810,79,0,127810
3179,3269,88576,127810,79,0,127810
3210,3300,17,127810,79,0,127810
3209,3299,88576,127810,79,0,127810
3240,3330,17,127810,79,0,127810
3239,3329,88576,127810,79,0,127810
3270,3360,17,127810,79,0,127810
3269,3359,88576,127810,79,0,127810
3300,3390,17,127810,79,0,127810
3299,3389,88576,127810,79,0,127810
3330,3420,17,127810,79,0,127810
3329,3419,88576,127810,79,0,127810
3337,3427,237579,27806,17,1,27806
3331,3421,89,27806,17,1,27806
3360,3450,17,127810,79,0,127810
3359,3449,88576,127810,79,0,127810
3367,3457,237579,27806,17,1,27806
3361,3451,89,27806,17,1,27806
3390,3480,17,127810,79,0,127810
3389,3479,88576,127810,79,0,127810
3397,3487,237579,27806,17,1,27806
3391,3481,89,27806,17,1,27806
3420,3510,17,127810,79,0,127810
3419,3509,88576,127810,79,0,127810
3427,3517,237579,27806,17,1,27806
3421,3511,89,27806,17,1,27806
3450,3540,17,127810,79,0,127810
3449,3539,88576,127810,79,0,127810
3451,3541,89,27806,17,1,27806
3457,3547,237579,27806,17,1,27806
3480,3570,17,127810,79,0,127810
3479,3569,88576,127810,79,0,127810
3481,3571,89,27806,17,1,27806
3487,3577,237579,27806,17,1,27806
3510,3600,17,127810,79,0,127810
3509,3599,88576,127810,79,0,127810
3511,3601,89,27806,17,1,27806
3517,3607,237579,27806,17,1,27806
3540,3630,17,127810,79,0,127810
3539,3629,88576,127810,79,0,127810
3541,3631,89,27806,17,1,27806
3570,3660,17,127810,79,0,127810
3569,3659,88576,127810,79,0,127810
3571,3661,89,27806,17,1,27806
3547,3637,237579,27806,17,1,27806
3600,3690,17,127810,79,0,127810
3599,3689,88576,127810,79,0,127810
3601,3691,89,27806,17,1,27806
3577,3667,237579,27806,17,1,27806
3607,3697,237579,27806,17,1,27806
3630,3720,17,127810,79,0,127810
3629,3719,88576,127810,79,0,127810
3631,3721,89,27806,17,1,27806
3637,3727,237579,27806,17,1,27806
3659,3749,88576,127810,79,0,127810
3660,3750,17,127810,79,0,127810
3661,3751,89,27806,17,1,27806
3667,3757,237579,27806,17,1,27806
3689,3779,88576,127810,79,0,127810
3690,3780,17,127810,79,0,127810
3691,3781,89,27806,17,1,27806
3697,3787,237579,27806,17,1,27806
3719,3809,88576,127810,79,0,127810
3720,3810,17,127810,79,0,127810
3721,3811,89,27806,17,1,27806
3727,3817,237579,27806,17,1,27806
3750,3840,17,127810,79,0,127810
3749,3839,88576,127810,79,0,127810
3751,3841,89,27806,17,1,27806
3757,3847,237579,27806,17,1,27806
3768,3858,260614,123810,76,0,123810
3780,3870,43,123810,76,0,123810
3780,3870,17,127810,79,0,127810
3779,3869,88576,127810,79,0,127810
3781,3871,89,27806,17,1,27806
3787,3877,237579,27806,17,1,27806
3810,3900,43,123810,76,0,123810
3809,3899,88576,127810,79,0,127810
3810,3900,17,127810,79,0,127810
3811,3901,89,27806,17,1,27806
3798,3888,260614,123810,76,0,123810
3817,3907,237579,27806,17,1,27806
3840,3930,43,123810,76,0,123810
3839,3929,88576,127810,79,0,127810
3840,3930,17,127810,79,0,127810
3841,3931,89,27806,17,1,27806
3828,3918,260614,123810,76,0,123810
3847,3937,237579,27806,17,1,27806
3870,3960,43,123810,76,0,123810
3871,3961,89,27806,17,1,27806
3858,3948,260614,123810,76,0,123810
3900,3990,43,123810,76,0,123810
3901,3991,89,27806,17,1,27806
3888,3978,260614,123810,76,0,123810
3877,3967,237579,27806,17,1,27806
3907,3997,237579,27806,17,1,27806
3918,4008,260614,123810,76,0,123810
3930,4020,43,123810,76,0,123810
3931,4021,89,27806,17,1,27806
3948,4038,260614,123810,76,0,123810
3937,4027,237579,27806,17,1,27806
3960,4050,43,123810,76,0,123810
3961,4051,89,27806,17,1,27806
3967,4057,237579,27806,17,1,27806
3978,4068,260614,123810,76,0,123810
4752,4842,743,139850,86,0,139850
4749,4839,213516,139850,86,0,139850
4782,4872,743,139850,86,0,139850
4779,4869,213516,139850,86,0,139850
4804,4894,364066,6642,4,1,6642
4812,4902,743,139850,86,0,139850
4803,4893,201,6642,4,1,6642
4809,4899,213516,139850,86,0,139850
4834,4924,364066,6642,4,1,6642
4837,4927,462,153371,95,0,153371
4833,4923,201,6642,4,1,6642
4836,4926,13318,153371,95,0,153371
4842,4932,743,139850,86,0,139850
4839,4929,213516,139850,86,0,139850
4863,4953,201,6642,4,1,6642
4872,4962,743,139850,86,0,139850
4866,4956,13318,153371,95,0,153371
4869,4959,213516,139850,86,0,139850
4864,4954,364066,6642,4,1,6642
4867,4957,462,153371,95,0,153371
4893,4983,201,6642,4,1,6642
4902,4992,743,139850,86,0,139850
4896,4986,13318,153371,95,0,153371
4899,4989,213516,139850,86,0,139850
4894,4984,364066,6642,4,1,6642
4897,4987,462,153371,95,0,153371
4923,5013,201,6642,4,1,6642
4924,5014,364066,6642,4,1,6642
4927,5017,462,153371,95,0,153371
4926,5016,13318,153371,95,0,153371
4929,5019,213516,139850,86,0,139850
4932,5022,743,139850,86,0,139850
4953,5043,201,6642,4,1,6642
4956,5046,13318,153371,95,0,153371
4959,5049,213516,139850,86,0,139850
4954,5044,364066,6642,4,1,6642
4957,5047,462,153371,95,0,153371
4962,5052,743,139850,86,0,139850
4983,5073,201,6642,4,1,6642
4984,5074,364066,6642,4,1,6642
4987,5077,462,153371,95,0,153371
4986,5076,13318,153371,95,0,153371
4989,5079,213516,139850,86,0,139850
4992,5082,743,139850,86,0,139850
5013,5103,201,6642,4,1,6642
5014,5104,364066,6642,4,1,6642
5016,5106,13318,153371,95,0,153371
5017,5107,462,153371,95,0,153371
5019,5109,213516,139850,86,0,139850
5022,5112,743,139850,86,0,139850
5046,5136,13318,153371,95,0,153371
5049,5139,213516,139850,86,0,139850
5047,5137,462,153371,95,0,153371
5052,5142,743,139850,86,0,139850
5076,5166,13318,153371,95,0,153371
5079,5169,213516,139850,86,0,139850
5082,5172,743,139850,86,0,139850
5077,5167,462,153371,95,0,153371
5112,5202,743,139850,86,0,139850
5106,5196,13318,153371,95,0,153371
5109,5199,213516,139850,86,0,139850
5107,5197,462,153371,95,0,153371
5137,5227,462,153371,95,0,153371
5136,5226,13318,153371,95,0,153371
5139,5229,213516,139850,86,0,139850
5167,5257,462,153371,95,0,153371
5166,5256,13318,153371,95,0,153371
5197,5287,462,153371,95,0,153371
5196,5286,13318,153371,95,0,153371
5227,5317,462,153371,95,0,153371
5226,5316,13318,153371,95,0,153371
5256,5346,13318,153371,95,0,153371
5257,5347,462,153371,95,0,153371
5568,5658,1132,136979,85,0,136979
5574,5664,286721,136979,85,0,136979
5598,5688,1132,136979,85,0,136979
5604,5694,286721,136979,85,0,136979
5628,5718,1132,136979,85,0,136979
5634,5724,286721,136979,85,0,136979
5658,5748,1132,136979,85,0,136979
5664,5754,286721,136979,85,0,136979
5688,5778,1132,136979,85,0,136979
5694,5784,286721,136979,85,0,136979
5707,5797,18440,137871,85,0,137871
5718,5808,1132,136979,85,0,136979
5706,5796,427,137871,85,0,137871
5737,5827,18440,137871,85,0,137871
5724,5814,286721,136979,85,0,136979
5736,5826,427,137871,85,0,137871
5748,5838,1132,136979,85,0,136979
5754,5844,286721,136979,85,0,136979
5767,5857,18440,137871,85,0,137871
5778,5868,1132,136979,85,0,136979
5766,5856,427,137871,85,0,137871
5797,5887,18440,137871,85,0,137871
5784,5874,286721,136979,85,0,136979
5796,5886,427,137871,85,0,137871
5808,5898,1132,136979,85,0,136979
5814,5904,286721,136979,85,0,136979
5827,5917,18440,137871,85,0,137871
5838,5928,1132,136979,85,0,136979
5826,5916,427,137871,85,0,137871
5857,5947,18440,137871,85,0,137871
5844,5934,286721,136979,85,0,136979
5856,5946,427,137871,85,0,137871
5868,5958,1132,136979,85,0,136979
5874,5964,286721,136979,85,0,136979
5887,5977,18440,137871,85,0,137871
5898,5988,1132,136979,85,0,136979
5886,5976,427,137871,85,0,137871
5917,6007,18440,137871,85,0,137871
5904,5994,286721,136979,85,0,136979
5916,6006,427,137871,85,0,137871
5928,6018,1132,136979,85,0,136979
5934,6024,286721,136979,85,0,136979
5947,6037,18440,137871,85,0,137871
5958,6048,1132,136979,85,0,136979
5946,6036,427,137871,85,0,137871
5977,6067,18440,137871,85,0,137871
5964,6054,286721,136979,85,0,136979
5976,6066,427,137871,85,0,137871
6006,6096,427,137871,85,0,137871
6007,6097,18440,137871,85,0,137871
6036,6126,427,137871,85,0,137871
6037,6127,18440,137871,85,0,137871
6066,6156,427,137871,85,0,137871
6067,6157,18440,137871,85,0,137871
6096,6186,427,137871,85,0,137871
6097,6187,18440,137871,85,0,137871
6109,6199,543241,11531,7,1,11531
6112,6202,1342,11531,7,1,11531
6126,6216,427,137871,85,0,137871
6127,6217,18440,137871,85,0,137871
6139,6229,543241,11531,7,1,11531
6142,6232,1342,11531,7,1,11531
6169,6259,543241,11531,7,1,11531
6172,6262,1342,11531,7,1,11531
6199,6289,543241,11531,7,1,11531
6202,6292,1342,11531,7,1,11531
6229,6319,543241,11531,7,1,11531
6232,6322,1342,11531,7,1,11531
6259,6349,543241,11531,7,1,11531
6262,6352,1342,11531,7,1,11531
6289,6379,543241,11531,7,1,11531
6292,6382,1342,11531,7,1,11531
6319,6409,543241,11531,7,1,11531
6322,6412,1342,11531,7,1,11531
6349,6439,543241,11531,7,1,11531
6352,6442,1342,11531,7,1,11531
6379,6469,543241,11531,7,1,11531
6382,6472,1342,11531,7,1,11531
6409,6499,543241,11531,7,1,11531
6412,6502,1342,11531,7,1,11531
6439,6529,543241,11531,7,1,11531
6442,6532,1342,11531,7,1,11531
6469,6559,543241,11531,7,1,11531
6472,6562,1342,11531,7,1,11531
6529,6619,564232,146864,91,0,146864
6529,6619,1155,146864,91,0,146864
6559,6649,564232,146864,91,0,146864
6559,6649,1155,146864,91,0,146864
6589,6679,564232,146864,91,0,146864
6589,6679,1155,146864,91,0,146864
6619,6709,564232,146864,91,0,146864
6619,6709,1155,146864,91,0,146864
6649,6739,564232,146864,91,0,146864
6649,6739,1155,146864,91,0,146864
6667,6757,629257,10969,6,1,10969
6682,6772,1355,10969,6,1,10969
6679,6769,564232,146864,91,0,146864
6679,6769,1155,146864,91,0,146864
6697,6787,629257,10969,6,1,10969
6709,6799,564232,146864,91,0,146864
6712,6802,1355,10969,6,1,10969
6727,6817,629257,10969,6,1,10969
6709,6799,1155,146864,91,0,146864
6742,6832,1355,10969,6,1,10969
6739,6829,564232,146864,91,0,146864
6739,6829,1155,146864,91,0,146864
6757,6847,629257,10969,6,1,10969
6772,6862,1355,10969,6,1,10969
6769,6859,564232,146864,91,0,146864
6769,6859,1155,146864,91,0,146864
6787,6877,629257,10969,6,1,10969
6802,6892,1355,10969,6,1,10969
6799,6889,564232,146864,91,0,146864
6799,6889,1155,146864,91,0,146864
6817,6907,629257,10969,6,1,10969
6832,6922,1355,10969,6,1,10969
6829,6919,564232,146864,91,0,146864
6829,6919,1155,146864,91,0,146864
6847,6937,629257,10969,6,1,10969
6862,6952,1355,10969,6,1,10969
6859,6949,564232,146864,91,0,146864
6859,6949,1155,146864,91,0,146864
6877,6967,629257,10969,6,1,10969
6892,6982,1355,10969,6,1,10969
6889,6979,564232,146864,91,0,146864
6889,6979,1155,146864,91,0,146864
6907,6997,629257,10969,6,1,10969
6922,7012,1355,10969,6,1,10969
6919,7009,564232,146864,91,0,146864
6919,7009,1155,146864,91,0,146864
6937,7027,629257,10969,6,1,10969
6952,7042,1355,10969,6,1,10969
6949,7039,564232,146864,91,0,146864
6949,7039,1155,146864,91,0,146864
6967,7057,629257,10969,6,1,10969
6982,7072,1355,10969,6,1,10969
6979,7069,564232,146864,91,0,146864
6979,7069,1155,146864,91,0,146864
6997,7087,629257,10969,6,1,10969
7012,7102,1355,10969,6,1,10969
7008,7098,358919,156292,97,0,156292
7009,7099,564232,146864,91,0,146864
6999,7089,5758,156292,97,0,156292
7009,7099,1155,146864,91,0,146864
7027,7117,629257,10969,6,1,10969
7029,7119,5758,156292,97,0,156292
7042,7132,1355,10969,6,1,10969
7038,7128,358919,156292,97,0,156292
7039,7129,564232,146864,91,0,146864
7039,7129,1155,146864,91,0,146864
7057,7147,629257,10969,6,1,10969
7072,7162,1355,10969,6,1,10969
7068,7158,358919,156292,97,0,156292
7069,7159,564232,146864,91,0,146864
7059,7149,5758,156292,97,0,156292
7069,7159,1155,146864,91,0,146864
7087,7177,629257,10969,6,1,10969
7089,7179,5758,156292,97,0,156292
7102,7192,1355,10969,6,1,10969
7098,7188,358919,156292,97,0,156292
7099,7189,564232,146864,91,0,146864
7099,7189,1155,146864,91,0,146864
7117,7207,629257,10969,6,1,10969
7128,7218,358919,156292,97,0,156292
7129,7219,564232,146864,91,0,146864
7119,7209,5758,156292,97,0,156292
7129,7219,1155,146864,91,0,146864
7132,7222,1355,10969,6,1,10969
7147,7237,629257,10969,6,1,10969
7149,7239,5758,156292,97,0,156292
7162,7252,1355,10969,6,1,10969
7158,7248,358919,156292,97,0,156292
7159,7249,564232,146864,91,0,146864
7159,7249,1155,146864,91,0,146864
7177,7267,629257,10969,6,1,10969
7188,7278,358919,156292,97,0,156292
7189,7279,564232,146864,91,0,146864
7179,7269,5758,156292,97,0,156292
7189,7279,1155,146864,91,0,146864
7192,7282,1355,10969,6,1,10969
7207,7297,629257,10969,6,1,10969
7222,7312,1355,10969,6,1,10969
7219,7309,564232,146864,91,0,146864
7219,7309,1155,146864,91,0,146864
7237,7327,629257,10969,6,1,10969
7252,7342,1355,10969,6,1,10969
7249,7339,564232,146864,91,0,146864
7249,7339,1155,146864,91,0,146864
7267,7357,629257,10969,6,1,10969
7282,7372,1355,10969,6,1,10969
7297,7387,629257,10969,6,1,10969
7312,7402,1355,10969,6,1,10969
7327,7417,629257,10969,6,1,10969
7342,7432,1355,10969,6,1,10969
7357,7447,629257,10969,6,1,10969
7372,7462,1355,10969,6,1,10969
7387,7477,629257,10969,6,1,10969
7402,7492,1355,10969,6,1,10969
7417,7507,629257,10969,6,1,10969
7432,7522,1355,10969,6,1,10969
7683,7773,696843,153631,95,0,153631
7695,7785,40517,153631,95,0,153631
7713,7803,696843,153631,95,0,153631
7725,7815,40517,153631,95,0,153631
7743,7833,696843,153631,95,0,153631
7755,7845,40517,153631,95,0,153631
7773,7863,696843,153631,95,0,153631
7785,7875,40517,153631,95,0,153631
7803,7893,696843,153631,95,0,153631
7815,7905,40517,153631,95,0,153631
7833,7923,696843,153631,95,0,153631
7845,7935,40517,153631,95,0,153631
7863,7953,696843,153631,95,0,153631
7875,7965,40517,153631,95,0,153631
7893,7983,696843,153631,95,0,153631
7905,7995,40517,153631,95,0,153631
7923,8013,696843,153631,95,0,153631
7935,8025,40517,153631,95,0,153631
7953,8043,696843,153631,95,0,153631
7965,8055,40517,153631,95,0,153631
7983,8073,696843,153631,95,0,153631
7995,8085,40517,153631,95,0,153631
8013,8103,696843,153631,95,0,153631
8025,8115,40517,153631,95,0,153631
8043,8133,696843,153631,95,0,153631
8048,8138,57119,3466,2,1,3466
8055,8145,40517,153631,95,0,153631
8075,8165,509957,6985,4,1,6985
8078,8168,57119,3466,2,1,3466
8069,8159,72223,6985,4,1,6985
8073,8163,696843,153631,95,0,153631
8067,8157,729101,3466,2,1,3466
8085,8175,40517,153631,95,0,153631
8103,8193,696843,153631,95,0,153631
8099,8189,72223,6985,4,1,6985
8097,8187,729101,3466,2,1,3466
8105,8195,509957,6985,4,1,6985
8108,8198,57119,3466,2,1,3466
8115,8205,40517,153631,95,0,153631
8135,8225,509957,6985,4,1,6985
8138,8228,57119,3466,2,1,3466
8129,8219,72223,6985,4,1,6985
8133,8223,696843,153631,95,0,153631
8145,8235,40517,153631,95,0,153631
8127,8217,729101,3466,2,1,3466
8165,8255,509957,6985,4,1,6985
8157,8247,729101,3466,2,1,3466
8163,8253,696843,153631,95,0,153631
8159,8249,72223,6985,4,1,6985
8175,8265,40517,153631,95,0,153631
8168,8258,57119,3466,2,1,3466
8195,8285,509957,6985,4,1,6985
8198,8288,57119,3466,2,1,3466
8189,8279,72223,6985,4,1,6985
8187,8277,729101,3466,2,1,3466
8193,8283,696843,153631,95,0,153631
8205,8295,40517,153631,95,0,153631
8225,8315,509957,6985,4,1,6985
8217,8307,729101,3466,2,1,3466
8223,8313,696843,153631,95,0,153631
8219,8309,72223,6985,4,1,6985
8228,8318,57119,3466,2,1,3466
8235,8325,40517,153631,95,0,153631
8253,8343,696843,153631,95,0,153631
8255,8345,509957,6985,4,1,6985
8258,8348,57119,3466,2,1,3466
8249,8339,72223,6985,4,1,6985
8247,8337,729101,3466,2,1,3466
8265,8355,40517,153631,95,0,153631
8279,8369,72223,6985,4,1,6985
8277,8367,729101,3466,2,1,3466
8285,8375,509957,6985,4,1,6985
8288,8378,57119,3466,2,1,3466
8283,8373,696843,153631,95,0,153631
8295,8385,40517,153631,95,0,153631
8309,8399,72223,6985,4,1,6985
8307,8397,729101,3466,2,1,3466
8315,8405,509957,6985,4,1,6985
8318,8408,57119,3466,2,1,3466
8337,8427,729101,3466,2,1,3466
8345,8435,509957,6985,4,1,6985
8348,8438,57119,3466,2,1,3466
8339,8429,72223,6985,4,1,6985
8369,8459,72223,6985,4,1,6985
8367,8457,729101,3466,2,1,3466
8375,8465,509957,6985,4,1,6985
8799,8889,858893,158400,98,0,158400
8798,8888,106432,158400,98,0,158400
8804,8894,116922,2735,1,1,2735
8805,8895,753672,2735,1,1,2735
8828,8918,106432,158400,98,0,158400
8834,8924,116922,2735,1,1,2735
8829,8919,858893,158400,98,0,158400
8835,8925,753672,2735,1,1,2735
8859,8949,858893,158400,98,0,158400
8858,8948,106432,158400,98,0,158400
8864,8954,116922,2735,1,1,2735
8865,8955,753672,2735,1,1,2735
8888,8978,106432,158400,98,0,158400
8889,8979,858893,158400,98,0,158400
8894,8984,116922,2735,1,1,2735
8895,8985,753672,2735,1,1,2735
8919,9009,858893,158400,98,0,158400
8918,9008,106432,158400,98,0,158400
8924,9014,116922,2735,1,1,2735
8925,9015,753672,2735,1,1,2735
8948,9038,106432,158400,98,0,158400
8949,9039,858893,158400,98,0,158400
8954,9044,116922,2735,1,1,2735
8955,9045,753672,2735,1,1,2735
8979,9069,858893,158400,98,0,158400
8978,9068,106432,158400,98,0,158400
8984,9074,116922,2735,1,1,2735
8985,9075,753672,2735,1,1,2735
9009,9099,858893,158400,98,0,158400
9008,9098,106432,158400,98,0,158400
9014,9104,116922,2735,1,1,2735
9015,9105,753672,2735,1,1,2735
9039,9129,858893,158400,98,0,158400
9038,9128,106432,158400,98,0,158400
9044,9134,116922,2735,1,1,2735
9045,9135,753672,2735,1,1,2735
9068,9158,106432,158400,98,0,158400
9074,9164,116922,2735,1,1,2735
9069,9159,858893,158400,98,0,158400
9075,9165,753672,2735,1,1,2735
9098,9188,106432,158400,98,0,158400
9099,9189,858893,158400,98,0,158400
9104,9194,116922,2735,1,1,2735
9105,9195,753672,2735,1,1,2735
9129,9219,858893,158400,98,0,158400
9128,9218,106432,158400,98,0,158400
9134,9224,116922,2735,1,1,2735
9135,9225,753672,2735,1,1,2735
9145,9235,154952,153338,95,0,153338
9159,9249,858893,158400,98,0,158400
9158,9248,106432,158400,98,0,158400
9143,9233,760841,153338,95,0,153338
9175,9265,154952,153338,95,0,153338
9164,9254,116922,2735,1,1,2735
9173,9263,760841,153338,95,0,153338
9165,9255,753672,2735,1,1,2735
9189,9279,858893,158400,98,0,158400
9205,9295,154952,153338,95,0,153338
9188,9278,106432,158400,98,0,158400
9194,9284,116922,2735,1,1,2735
9203,9293,760841,153338,95,0,153338
9195,9285,753672,2735,1,1,2735
9219,9309,858893,158400,98,0,158400
9218,9308,106432,158400,98,0,158400
9224,9314,116922,2735,1,1,2735
9225,9315,753672,2735,1,1,2735
9235,9325,154952,153338,95,0,153338
9233,9323,760841,153338,95,0,153338
9265,9355,154952,153338,95,0,153338
9254,9344,116922,2735,1,1,2735
9263,9353,760841,153338,95,0,153338
9255,9345,753672,2735,1,1,2735
9284,9374,116922,2735,1,1,2735
9285,9375,753672,2735,1,1,2735
9295,9385,154952,153338,95,0,153338
9293,9383,760841,153338,95,0,153338
9325,9415,154952,153338,95,0,153338
9314,9404,116922,2735,1,1,2735
9323,9413,760841,153338,95,0,153338
9315,9405,753672,2735,1,1,2735
9355,9445,154952,153338,95,0,153338
9353,9443,760841,153338,95,0,153338
9385,9475,154952,153338,95,0,153338
9383,9473,760841,153338,95,0,153338
9415,9505,154952,153338,95,0,153338
9413,9503,760841,153338,95,0,153338
9445,9535,154952,153338,95,0,153338
9443,9533,760841,153338,95,0,153338
9694,9784,300558,157437,97,0,157437
9697,9787,189846,157437,97,0,157437
9724,9814,300558,157437,97,0,157437
9727,9817,189846,157437,97,0,157437
9754,9844,300558,157437,97,0,157437
9757,9847,189846,157437,97,0,157437
9784,9874,300558,157437,97,0,157437
9787,9877,189846,157437,97,0,157437
9814,9904,300558,157437,97,0,157437
9817,9907,189846,157437,97,0,157437
9844,9934,300558,157437,97,0,157437
9847,9937,189846,157437,97,0,157437
9874,9964,300558,157437,97,0,157437
9877,9967,189846,157437,97,0,157437
9904,9994,300558,157437,97,0,157437
9907,9997,189846,157437,97,0,157437
9934,10024,300558,157437,97,0,157437
9937,10027,189846,157437,97,0,157437
9964,10054,300558,157437,97,0,157437
9967,10057,189846,157437,97,0,157437
9994,10084,300558,157437,97,0,157437
9997,10087,189846,157437,97,0,157437
9998,10088,222431,2814,1,1,2814
9994,10084,891399,2814,1,1,2814
10024,10114,300558,157437,97,0,157437
10027,10117,189846,157437,97,0,157437
10028,10118,222431,2814,1,1,2814
10024,10114,891399,2814,1,1,2814
10058,10148,222431,2814,1,1,2814
10054,10144,891399,2814,1,1,2814
10088,10178,222431,2814,1,1,2814
10084,10174,891399,2814,1,1,2814
10118,10208,222431,2814,1,1,2814
10114,10204,891399,2814,1,1,2814
10148,10238,222431,2814,1,1,2814
10144,10234,891399,2814,1,1,2814
10174,10264,891399,2814,1,1,2814
10178,10268,222431,2814,1,1,2814
10185,10275,708111,1736,1,1,1736
10205,10295,246671,1736,1,1,1736
10208,10298,222431,2814,1,1,2814
10204,10294,891399,2814,1,1,2814
10215,10305,708111,1736,1,1,1736
10235,10325,246671,1736,1,1,1736
10238,10328,222431,2814,1,1,2814
10245,10335,708111,1736,1,1,1736
10234,10324,891399,2814,1,1,2814
10265,10355,246671,1736,1,1,1736
10268,10358,222431,2814,1,1,2814
10264,10354,891399,2814,1,1,2814
10275,10365,708111,1736,1,1,1736
10294,10384,891399,2814,1,1,2814
10295,10385,246671,1736,1,1,1736
10298,10388,222431,2814,1,1,2814
10305,10395,708111,1736,1,1,1736
10325,10415,246671,1736,1,1,1736
10328,10418,222431,2814,1,1,2814
10324,10414,891399,2814,1,1,2814
10335,10425,708111,1736,1,1,1736
10355,10445,246671,1736,1,1,1736
10358,10448,222431,2814,1,1,2814
10365,10455,708111,1736,1,1,1736
10354,10444,891399,2814,1,1,2814
10385,10475,246671,1736,1,1,1736
10388,10478,222431,2814,1,1,2814
10384,10474,891399,2814,1,1,2814
10415,10505,246671,1736,1,1,1736
10395,10485,708111,1736,1,1,1736
10414,10504,891399,2814,1,1,2814
10418,10508,222431,2814,1,1,2814
10425,10515,708111,1736,1,1,1736
10445,10535,246671,1736,1,1,1736
10448,10538,222431,2814,1,1,2814
10455,10545,708111,1736,1,1,1736
10444,10534,891399,2814,1,1,2814
10475,10565,246671,1736,1,1,1736
10478,10568,222431,2814,1,1,2814
10485,10575,708111,1736,1,1,1736
10474,10564,891399,2814,1,1,2814
10505,10595,246671,1736,1,1,1736
10508,10598,222431,2814,1,1,2814
10504,10594,891399,2814,1,1,2814
10535,10625,246671,1736,1,1,1736
10513,10603,987394,1928,1,1,1928
10515,10605,708111,1736,1,1,1736
10519,10609,283016,1928,1,1,1928
10534,10624,891399,2814,1,1,2814
10538,10628,222431,2814,1,1,2814
10543,10633,987394,1928,1,1,1928
10545,10635,708111,1736,1,1,1736
10549,10639,283016,1928,1,1,1928
10565,10655,246671,1736,1,1,1736
10568,10658,222431,2814,1,1,2814
10573,10663,987394,1928,1,1,1928
10575,10665,708111,1736,1,1,1736
10564,10654,891399,2814,1,1,2814
10579,10669,283016,1928,1,1,1928
10598,10688,222431,2814,1,1,2814
10603,10693,987394,1928,1,1,1928
10594,10684,891399,2814,1,1,2814
10609,10699,283016,1928,1,1,1928
10624,10714,891399,2814,1,1,2814
10633,10723,987394,1928,1,1,1928
10639,10729,283016,1928,1,1,1928
10663,10753,987394,1928,1,1,1928
10669,10759,283016,1928,1,1,1928
10693,10783,987394,1928,1,1,1928
10699,10789,283016,1928,1,1,1928
